317 0 14 33
332 0 9 55
421 0 8 4
435 0 12 41
217 0 5 32
130 0 14 16
459 0 13 13
480 0 13 9
289 0 13 33
422 0 13 6
306 0 7 41
148 0 13 32
368 0 10 9
114 0 6 29
237 0 7 30
401 0 6 22
232 0 11 0
377 0 13 21
443 0 14 34
392 0 6 25
171 0 9 31
147 0 9 13
206 0 22 34
191 0 10 27
210 0 10 31
469 0 26 4
354 0 11 31
230 0 14 21
471 0 12 31
254 0 10 30
205 0 14 26
294 0 11 41
133 0 26 40
416 0 13 29
288 0 23 23
486 0 20 37
287 0 14 41
117 0 11 56
425 0 14 38
257 0 11 15
204 0 11 7
389 0 11 44
451 0 24 17
330 0 23 36
131 0 13 54
110 0 12 21
188 0 12 46
428 0 10 47
484 0 22 53
186 0 13 44
224 0 23 41
101 0 14 10
